Call:corr.test(x = CC)
Correlation matrix 
                        HRBehav_2014 HRBehav_2015 HRBehav_2016 HRBehav_2017 HRBehav_2018 HRBehav_2019 HStat_2014 HStat_2015 HStat_2016
HRBehav_2014                    1.00         0.97         0.96         0.95         0.95         0.93       0.95       0.95       0.94
HRBehav_2015                    0.97         1.00         0.98         0.98         0.96         0.95       0.90       0.93       0.92
HRBehav_2016                    0.96         0.98         1.00         0.98         0.97         0.96       0.91       0.94       0.95
HRBehav_2017                    0.95         0.98         0.98         1.00         0.98         0.97       0.88       0.91       0.93
HRBehav_2018                    0.95         0.96         0.97         0.98         1.00         0.98       0.89       0.92       0.93
HRBehav_2019                    0.93         0.95         0.96         0.97         0.98         1.00       0.88       0.90       0.92
HStat_2014                      0.95         0.90         0.91         0.88         0.89         0.88       1.00       0.98       0.96
HStat_2015                      0.95         0.93         0.94         0.91         0.92         0.90       0.98       1.00       0.98
HStat_2016                      0.94         0.92         0.95         0.93         0.93         0.92       0.96       0.98       1.00
HStat_2017                      0.93         0.92         0.95         0.95         0.95         0.94       0.94       0.96       0.98
HStat_2018                      0.91         0.89         0.92         0.92         0.95         0.93       0.92       0.94       0.96
HStat_2019                      0.90         0.90         0.92         0.93         0.94         0.96       0.89       0.92       0.94
Hprevention_2014                0.85         0.78         0.81         0.76         0.77         0.76       0.86       0.86       0.84
Hprevention_2015                0.86         0.81         0.83         0.78         0.80         0.78       0.87       0.87       0.85
Hprevention_2016                0.86         0.83         0.86         0.82         0.83         0.80       0.85       0.87       0.87
Hprevention_2017                0.86         0.83         0.86         0.83         0.84         0.81       0.85       0.88       0.87
Hprevention_2018                0.81         0.80         0.83         0.80         0.82         0.80       0.78       0.82       0.81
Hprevention_2019                0.81         0.79         0.82         0.80         0.81         0.80       0.78       0.81       0.81
CDIS_2014                       0.84         0.81         0.81         0.79         0.80         0.78       0.85       0.84       0.83
CDIS_2015                       0.84         0.82         0.82         0.80         0.81         0.80       0.84       0.85       0.84
CDIS_2016                       0.83         0.81         0.82         0.81         0.81         0.80       0.83       0.84       0.85
CDIS_2017                       0.82         0.80         0.81         0.81         0.81         0.80       0.82       0.83       0.83
CDIS_2018                       0.80         0.79         0.80         0.80         0.82         0.81       0.80       0.81       0.82
CDIS_2019                       0.79         0.78         0.79         0.79         0.81         0.81       0.78       0.79       0.80
miles_to_nearest_trauma         0.00         0.02         0.02         0.04         0.04         0.03      -0.02       0.00       0.02
A_livingaloneR                 -0.27        -0.25        -0.25        -0.24        -0.25        -0.25      -0.25      -0.25      -0.25
A_f_m_sexratio                  0.11         0.12         0.12         0.13         0.13         0.13       0.13       0.12       0.11
A_yngmale1524R                  0.00        -0.01         0.00        -0.01         0.00         0.00      -0.01       0.01       0.02
total_2014                      0.37         0.35         0.35         0.35         0.35         0.35       0.35       0.34       0.33
total_2015                      0.37         0.37         0.36         0.37         0.37         0.37       0.35       0.34       0.34
total_2016                      0.36         0.35         0.34         0.35         0.35         0.34       0.33       0.32       0.32
total_2017                      0.38         0.38         0.37         0.38         0.38         0.38       0.36       0.35       0.35
total_2018                      0.39         0.39         0.38         0.39         0.39         0.39       0.37       0.36       0.36
total_2019                      0.40         0.39         0.38         0.39         0.39         0.39       0.37       0.36       0.36
Fatal2014                       0.30         0.30         0.30         0.30         0.30         0.30       0.30       0.30       0.30
Fatal2015                       0.31         0.32         0.31         0.32         0.32         0.32       0.30       0.30       0.30
Fatal2016                       0.31         0.31         0.31         0.32         0.32         0.31       0.29       0.29       0.30
Fatal2017                       0.35         0.35         0.34         0.35         0.36         0.36       0.33       0.33       0.33
Fatal2018                       0.33         0.34         0.33         0.34         0.34         0.34       0.32       0.32       0.32
Fatal2019                       0.33         0.33         0.33         0.34         0.34         0.34       0.31       0.31       0.31
nonfatal2014                    0.33         0.31         0.30         0.31         0.31         0.31       0.31       0.29       0.29
nonfatal2015                    0.34         0.33         0.32         0.32         0.33         0.33       0.31       0.30       0.30
nonfatal2016                    0.33         0.32         0.31         0.31         0.31         0.31       0.30       0.29       0.29
nonfatal2017                    0.34         0.34         0.33         0.33         0.33         0.33       0.32       0.31       0.31
nonfatal2018                    0.36         0.35         0.34         0.35         0.34         0.34       0.33       0.32       0.32
nonfatal2019                    0.37         0.36         0.35         0.36         0.35         0.35       0.34       0.33       0.33
PctAge18_34R                   -0.10        -0.11        -0.13        -0.13        -0.14        -0.14      -0.12      -0.13      -0.12
PctAge35_64R                   -0.25        -0.22        -0.22        -0.21        -0.21        -0.21      -0.23      -0.23      -0.25
PctAge65_69R                   -0.21        -0.20        -0.19        -0.18        -0.18        -0.18      -0.19      -0.19      -0.19
PctAge70_74R                   -0.13        -0.12        -0.11        -0.11        -0.10        -0.10      -0.11      -0.11      -0.12
PctAge75_79R                   -0.08        -0.08        -0.06        -0.07        -0.06        -0.06      -0.07      -0.07      -0.07
PctAge80_84R                   -0.10        -0.10        -0.09        -0.09        -0.09        -0.09      -0.09      -0.09      -0.09
                        HStat_2017 HStat_2018 HStat_2019 Hprevention_2014 Hprevention_2015 Hprevention_2016 Hprevention_2017
HRBehav_2014                  0.93       0.91       0.90             0.85             0.86             0.86             0.86
HRBehav_2015                  0.92       0.89       0.90             0.78             0.81             0.83             0.83
HRBehav_2016                  0.95       0.92       0.92             0.81             0.83             0.86             0.86
HRBehav_2017                  0.95       0.92       0.93             0.76             0.78             0.82             0.83
HRBehav_2018                  0.95       0.95       0.94             0.77             0.80             0.83             0.84
HRBehav_2019                  0.94       0.93       0.96             0.76             0.78             0.80             0.81
HStat_2014                    0.94       0.92       0.89             0.86             0.87             0.85             0.85
HStat_2015                    0.96       0.94       0.92             0.86             0.87             0.87             0.88
HStat_2016                    0.98       0.96       0.94             0.84             0.85             0.87             0.87
HStat_2017                    1.00       0.98       0.96             0.81             0.83             0.85             0.86
HStat_2018                    0.98       1.00       0.97             0.80             0.82             0.83             0.84
HStat_2019                    0.96       0.97       1.00             0.78             0.79             0.81             0.82
Hprevention_2014              0.81       0.80       0.78             1.00             1.00             0.97             0.97
Hprevention_2015              0.83       0.82       0.79             1.00             1.00             0.98             0.98
Hprevention_2016              0.85       0.83       0.81             0.97             0.98             1.00             1.00
Hprevention_2017              0.86       0.84       0.82             0.97             0.98             1.00             1.00
Hprevention_2018              0.81       0.80       0.79             0.92             0.94             0.96             0.96
Hprevention_2019              0.80       0.80       0.79             0.92             0.93             0.96             0.96
CDIS_2014                     0.82       0.82       0.81             0.77             0.77             0.75             0.75
CDIS_2015                     0.83       0.83       0.82             0.76             0.76             0.76             0.76
CDIS_2016                     0.84       0.84       0.83             0.75             0.75             0.76             0.76
CDIS_2017                     0.84       0.84       0.83             0.73             0.74             0.74             0.75
CDIS_2018                     0.83       0.84       0.84             0.71             0.72             0.73             0.73
CDIS_2019                     0.81       0.83       0.85             0.69             0.70             0.71             0.71
miles_to_nearest_trauma       0.02       0.02       0.02             0.05             0.05             0.06             0.07
A_livingaloneR               -0.24      -0.23      -0.21            -0.23            -0.24            -0.24            -0.23
A_f_m_sexratio                0.13       0.12       0.13            -0.01            -0.01             0.00             0.01
A_yngmale1524R                0.03       0.06       0.07             0.16             0.16             0.16             0.15
total_2014                    0.34       0.34       0.35             0.29             0.29             0.29             0.29
total_2015                    0.34       0.35       0.36             0.29             0.29             0.29             0.30
total_2016                    0.32       0.33       0.34             0.28             0.28             0.29             0.29
total_2017                    0.36       0.36       0.38             0.29             0.30             0.30             0.31
total_2018                    0.37       0.38       0.39             0.30             0.30             0.31             0.31
total_2019                    0.38       0.38       0.39             0.30             0.31             0.31             0.31
Fatal2014                     0.30       0.30       0.30             0.25             0.25             0.25             0.26
Fatal2015                     0.30       0.31       0.31             0.24             0.25             0.25             0.26
Fatal2016                     0.30       0.30       0.31             0.25             0.25             0.25             0.26
Fatal2017                     0.34       0.35       0.36             0.26             0.27             0.27             0.28
Fatal2018                     0.33       0.34       0.34             0.25             0.26             0.26             0.27
Fatal2019                     0.32       0.33       0.33             0.25             0.26             0.26             0.27
nonfatal2014                  0.29       0.30       0.31             0.25             0.25             0.25             0.25
nonfatal2015                  0.30       0.31       0.32             0.26             0.26             0.26             0.26
nonfatal2016                  0.29       0.29       0.31             0.25             0.25             0.26             0.26
nonfatal2017                  0.31       0.31       0.33             0.26             0.27             0.27             0.27
nonfatal2018                  0.33       0.34       0.35             0.27             0.27             0.28             0.28
nonfatal2019                  0.34       0.35       0.36             0.28             0.28             0.28             0.28
PctAge18_34R                 -0.11      -0.08      -0.05             0.11             0.09             0.08             0.07
PctAge35_64R                 -0.25      -0.27      -0.28            -0.40            -0.39            -0.38            -0.37
PctAge65_69R                 -0.18      -0.20      -0.19            -0.35            -0.34            -0.34            -0.33
PctAge70_74R                 -0.11      -0.12      -0.12            -0.26            -0.26            -0.25            -0.24
PctAge75_79R                 -0.07      -0.08      -0.08            -0.22            -0.21            -0.20            -0.19
PctAge80_84R                 -0.09      -0.10      -0.10            -0.23            -0.22            -0.21            -0.21
                        Hprevention_2018 Hprevention_2019 CDIS_2014 CDIS_2015 CDIS_2016 CDIS_2017 CDIS_2018 CDIS_2019
HRBehav_2014                        0.81             0.81      0.84      0.84      0.83      0.82      0.80      0.79
HRBehav_2015                        0.80             0.79      0.81      0.82      0.81      0.80      0.79      0.78
HRBehav_2016                        0.83             0.82      0.81      0.82      0.82      0.81      0.80      0.79
HRBehav_2017                        0.80             0.80      0.79      0.80      0.81      0.81      0.80      0.79
HRBehav_2018                        0.82             0.81      0.80      0.81      0.81      0.81      0.82      0.81
HRBehav_2019                        0.80             0.80      0.78      0.80      0.80      0.80      0.81      0.81
HStat_2014                          0.78             0.78      0.85      0.84      0.83      0.82      0.80      0.78
HStat_2015                          0.82             0.81      0.84      0.85      0.84      0.83      0.81      0.79
HStat_2016                          0.81             0.81      0.83      0.84      0.85      0.83      0.82      0.80
HStat_2017                          0.81             0.80      0.82      0.83      0.84      0.84      0.83      0.81
HStat_2018                          0.80             0.80      0.82      0.83      0.84      0.84      0.84      0.83
HStat_2019                          0.79             0.79      0.81      0.82      0.83      0.83      0.84      0.85
Hprevention_2014                    0.92             0.92      0.77      0.76      0.75      0.73      0.71      0.69
Hprevention_2015                    0.94             0.93      0.77      0.76      0.75      0.74      0.72      0.70
Hprevention_2016                    0.96             0.96      0.75      0.76      0.76      0.74      0.73      0.71
Hprevention_2017                    0.96             0.96      0.75      0.76      0.76      0.75      0.73      0.71
Hprevention_2018                    1.00             1.00      0.69      0.70      0.70      0.69      0.69      0.67
Hprevention_2019                    1.00             1.00      0.68      0.69      0.69      0.69      0.69      0.68
CDIS_2014                           0.69             0.68      1.00      0.97      0.94      0.92      0.89      0.86
CDIS_2015                           0.70             0.69      0.97      1.00      0.97      0.95      0.92      0.89
CDIS_2016                           0.70             0.69      0.94      0.97      1.00      0.97      0.94      0.91
CDIS_2017                           0.69             0.69      0.92      0.95      0.97      1.00      0.97      0.94
CDIS_2018                           0.69             0.69      0.89      0.92      0.94      0.97      1.00      0.97
CDIS_2019                           0.67             0.68      0.86      0.89      0.91      0.94      0.97      1.00
miles_to_nearest_trauma             0.09             0.09     -0.05     -0.04     -0.04     -0.03     -0.03     -0.03
A_livingaloneR                     -0.23            -0.23     -0.15     -0.15     -0.15     -0.14     -0.14     -0.14
A_f_m_sexratio                      0.01             0.01      0.23      0.24      0.25      0.25      0.26      0.26
A_yngmale1524R                      0.15             0.15      0.01      0.01      0.01      0.01      0.02      0.02
total_2014                          0.26             0.26      0.41      0.41      0.41      0.41      0.41      0.41
total_2015                          0.27             0.27      0.41      0.42      0.42      0.42      0.42      0.42
total_2016                          0.26             0.26      0.39      0.39      0.39      0.39      0.39      0.39
total_2017                          0.28             0.28      0.42      0.42      0.42      0.42      0.43      0.43
total_2018                          0.28             0.28      0.43      0.44      0.43      0.43      0.44      0.44
total_2019                          0.28             0.28      0.43      0.44      0.44      0.44      0.44      0.44
Fatal2014                           0.23             0.23      0.32      0.33      0.32      0.32      0.32      0.32
Fatal2015                           0.23             0.23      0.33      0.34      0.34      0.34      0.34      0.34
Fatal2016                           0.24             0.24      0.32      0.33      0.33      0.33      0.33      0.33
Fatal2017                           0.25             0.25      0.36      0.37      0.37      0.37      0.37      0.37
Fatal2018                           0.24             0.24      0.35      0.36      0.36      0.36      0.36      0.36
Fatal2019                           0.24             0.24      0.35      0.35      0.35      0.35      0.35      0.35
nonfatal2014                        0.22             0.22      0.37      0.37      0.37      0.37      0.37      0.37
nonfatal2015                        0.24             0.24      0.38      0.38      0.38      0.38      0.38      0.38
nonfatal2016                        0.24             0.24      0.36      0.36      0.36      0.37      0.36      0.36
nonfatal2017                        0.25             0.25      0.39      0.39      0.39      0.39      0.39      0.39
nonfatal2018                        0.25             0.25      0.40      0.40      0.40      0.40      0.40      0.40
nonfatal2019                        0.26             0.26      0.41      0.41      0.41      0.41      0.41      0.41
PctAge18_34R                        0.03             0.03      0.00     -0.01     -0.01     -0.01     -0.01     -0.01
PctAge35_64R                       -0.34            -0.33     -0.32     -0.32     -0.31     -0.30     -0.30     -0.29
PctAge65_69R                       -0.31            -0.30     -0.25     -0.24     -0.23     -0.23     -0.22     -0.21
PctAge70_74R                       -0.22            -0.22     -0.18     -0.17     -0.16     -0.16     -0.15     -0.14
PctAge75_79R                       -0.18            -0.18     -0.14     -0.14     -0.14     -0.13     -0.12     -0.12
PctAge80_84R                       -0.19            -0.19     -0.15     -0.15     -0.15     -0.15     -0.14     -0.13
                        miles_to_nearest_trauma A_livingaloneR A_f_m_sexratio A_yngmale1524R total_2014 total_2015 total_2016 total_2017
HRBehav_2014                               0.00          -0.27           0.11           0.00       0.37       0.37       0.36       0.38
HRBehav_2015                               0.02          -0.25           0.12          -0.01       0.35       0.37       0.35       0.38
HRBehav_2016                               0.02          -0.25           0.12           0.00       0.35       0.36       0.34       0.37
HRBehav_2017                               0.04          -0.24           0.13          -0.01       0.35       0.37       0.35       0.38
HRBehav_2018                               0.04          -0.25           0.13           0.00       0.35       0.37       0.35       0.38
HRBehav_2019                               0.03          -0.25           0.13           0.00       0.35       0.37       0.34       0.38
HStat_2014                                -0.02          -0.25           0.13          -0.01       0.35       0.35       0.33       0.36
HStat_2015                                 0.00          -0.25           0.12           0.01       0.34       0.34       0.32       0.35
HStat_2016                                 0.02          -0.25           0.11           0.02       0.33       0.34       0.32       0.35
HStat_2017                                 0.02          -0.24           0.13           0.03       0.34       0.34       0.32       0.36
HStat_2018                                 0.02          -0.23           0.12           0.06       0.34       0.35       0.33       0.36
HStat_2019                                 0.02          -0.21           0.13           0.07       0.35       0.36       0.34       0.38
Hprevention_2014                           0.05          -0.23          -0.01           0.16       0.29       0.29       0.28       0.29
Hprevention_2015                           0.05          -0.24          -0.01           0.16       0.29       0.29       0.28       0.30
Hprevention_2016                           0.06          -0.24           0.00           0.16       0.29       0.29       0.29       0.30
Hprevention_2017                           0.07          -0.23           0.01           0.15       0.29       0.30       0.29       0.31
Hprevention_2018                           0.09          -0.23           0.01           0.15       0.26       0.27       0.26       0.28
Hprevention_2019                           0.09          -0.23           0.01           0.15       0.26       0.27       0.26       0.28
CDIS_2014                                 -0.05          -0.15           0.23           0.01       0.41       0.41       0.39       0.42
CDIS_2015                                 -0.04          -0.15           0.24           0.01       0.41       0.42       0.39       0.42
CDIS_2016                                 -0.04          -0.15           0.25           0.01       0.41       0.42       0.39       0.42
CDIS_2017                                 -0.03          -0.14           0.25           0.01       0.41       0.42       0.39       0.42
CDIS_2018                                 -0.03          -0.14           0.26           0.02       0.41       0.42       0.39       0.43
CDIS_2019                                 -0.03          -0.14           0.26           0.02       0.41       0.42       0.39       0.43
miles_to_nearest_trauma                    1.00          -0.08          -0.02           0.10      -0.05      -0.05      -0.05      -0.05
A_livingaloneR                            -0.08           1.00           0.03           0.10       0.02       0.01       0.00       0.00
A_f_m_sexratio                            -0.02           0.03           1.00          -0.15       0.13       0.15       0.12       0.14
A_yngmale1524R                             0.10           0.10          -0.15           1.00       0.00      -0.01      -0.01       0.00
total_2014                                -0.05           0.02           0.13           0.00       1.00       0.61       0.59       0.61
total_2015                                -0.05           0.01           0.15          -0.01       0.61       1.00       0.64       0.65
total_2016                                -0.05           0.00           0.12          -0.01       0.59       0.64       1.00       0.68
total_2017                                -0.05           0.00           0.14           0.00       0.61       0.65       0.68       1.00
total_2018                                -0.05           0.02           0.13           0.01       0.60       0.63       0.62       0.68
total_2019                                -0.05           0.03           0.14           0.00       0.58       0.60       0.59       0.65
Fatal2014                                 -0.03           0.02           0.08           0.01       0.70       0.40       0.38       0.40
Fatal2015                                 -0.02           0.02           0.09           0.01       0.42       0.73       0.41       0.45
Fatal2016                                 -0.02           0.01           0.09           0.01       0.42       0.44       0.77       0.46
Fatal2017                                 -0.03           0.01           0.11           0.00       0.44       0.48       0.47       0.75
Fatal2018                                 -0.02           0.02           0.10           0.01       0.41       0.44       0.42       0.46
Fatal2019                                 -0.03           0.03           0.10           0.02       0.40       0.42       0.38       0.45
nonfatal2014                              -0.05           0.02           0.13          -0.01       0.95       0.59       0.57       0.59
nonfatal2015                              -0.05           0.01           0.14          -0.01       0.59       0.95       0.63       0.63
nonfatal2016                              -0.05           0.00           0.12          -0.02       0.58       0.64       0.96       0.69
nonfatal2017                              -0.04           0.00           0.13           0.00       0.59       0.63       0.68       0.96
nonfatal2018                              -0.05           0.02           0.12           0.00       0.59       0.61       0.61       0.66
nonfatal2019                              -0.05           0.02           0.13           0.00       0.58       0.59       0.60       0.64
PctAge18_34R                              -0.09           0.23          -0.20           0.41      -0.01      -0.02      -0.02      -0.03
PctAge35_64R                              -0.03           0.01          -0.07          -0.42      -0.10      -0.10      -0.10      -0.10
PctAge65_69R                              -0.02           0.06           0.14          -0.25      -0.07      -0.06      -0.06      -0.07
PctAge70_74R                              -0.02           0.06           0.18          -0.22      -0.05      -0.04      -0.04      -0.04
PctAge75_79R                              -0.03           0.07           0.18          -0.20      -0.03      -0.02      -0.02      -0.03
PctAge80_84R                              -0.04           0.07           0.17          -0.20      -0.05      -0.04      -0.05      -0.05
                        total_2018 total_2019 Fatal2014 Fatal2015 Fatal2016 Fatal2017 Fatal2018 Fatal2019 nonfatal2014 nonfatal2015
HRBehav_2014                  0.39       0.40      0.30      0.31      0.31      0.35      0.33      0.33         0.33         0.34
HRBehav_2015                  0.39       0.39      0.30      0.32      0.31      0.35      0.34      0.33         0.31         0.33
HRBehav_2016                  0.38       0.38      0.30      0.31      0.31      0.34      0.33      0.33         0.30         0.32
HRBehav_2017                  0.39       0.39      0.30      0.32      0.32      0.35      0.34      0.34         0.31         0.32
HRBehav_2018                  0.39       0.39      0.30      0.32      0.32      0.36      0.34      0.34         0.31         0.33
HRBehav_2019                  0.39       0.39      0.30      0.32      0.31      0.36      0.34      0.34         0.31         0.33
HStat_2014                    0.37       0.37      0.30      0.30      0.29      0.33      0.32      0.31         0.31         0.31
HStat_2015                    0.36       0.36      0.30      0.30      0.29      0.33      0.32      0.31         0.29         0.30
HStat_2016                    0.36       0.36      0.30      0.30      0.30      0.33      0.32      0.31         0.29         0.30
HStat_2017                    0.37       0.38      0.30      0.30      0.30      0.34      0.33      0.32         0.29         0.30
HStat_2018                    0.38       0.38      0.30      0.31      0.30      0.35      0.34      0.33         0.30         0.31
HStat_2019                    0.39       0.39      0.30      0.31      0.31      0.36      0.34      0.33         0.31         0.32
Hprevention_2014              0.30       0.30      0.25      0.24      0.25      0.26      0.25      0.25         0.25         0.26
Hprevention_2015              0.30       0.31      0.25      0.25      0.25      0.27      0.26      0.26         0.25         0.26
Hprevention_2016              0.31       0.31      0.25      0.25      0.25      0.27      0.26      0.26         0.25         0.26
Hprevention_2017              0.31       0.31      0.26      0.26      0.26      0.28      0.27      0.27         0.25         0.26
Hprevention_2018              0.28       0.28      0.23      0.23      0.24      0.25      0.24      0.24         0.22         0.24
Hprevention_2019              0.28       0.28      0.23      0.23      0.24      0.25      0.24      0.24         0.22         0.24
CDIS_2014                     0.43       0.43      0.32      0.33      0.32      0.36      0.35      0.35         0.37         0.38
CDIS_2015                     0.44       0.44      0.33      0.34      0.33      0.37      0.36      0.35         0.37         0.38
CDIS_2016                     0.43       0.44      0.32      0.34      0.33      0.37      0.36      0.35         0.37         0.38
CDIS_2017                     0.43       0.44      0.32      0.34      0.33      0.37      0.36      0.35         0.37         0.38
CDIS_2018                     0.44       0.44      0.32      0.34      0.33      0.37      0.36      0.35         0.37         0.38
CDIS_2019                     0.44       0.44      0.32      0.34      0.33      0.37      0.36      0.35         0.37         0.38
miles_to_nearest_trauma      -0.05      -0.05     -0.03     -0.02     -0.02     -0.03     -0.02     -0.03        -0.05        -0.05
A_livingaloneR                0.02       0.03      0.02      0.02      0.01      0.01      0.02      0.03         0.02         0.01
A_f_m_sexratio                0.13       0.14      0.08      0.09      0.09      0.11      0.10      0.10         0.13         0.14
A_yngmale1524R                0.01       0.00      0.01      0.01      0.01      0.00      0.01      0.02        -0.01        -0.01
total_2014                    0.60       0.58      0.70      0.42      0.42      0.44      0.41      0.40         0.95         0.59
total_2015                    0.63       0.60      0.40      0.73      0.44      0.48      0.44      0.42         0.59         0.95
total_2016                    0.62       0.59      0.38      0.41      0.77      0.47      0.42      0.38         0.57         0.63
total_2017                    0.68       0.65      0.40      0.45      0.46      0.75      0.46      0.45         0.59         0.63
total_2018                    1.00       0.67      0.40      0.44      0.43      0.49      0.73      0.47         0.58         0.61
total_2019                    0.67       1.00      0.40      0.44      0.43      0.49      0.45      0.75         0.56         0.58
Fatal2014                     0.40       0.40      1.00      0.35      0.33      0.35      0.33      0.33         0.43         0.36
Fatal2015                     0.44       0.44      0.35      1.00      0.34      0.40      0.36      0.36         0.37         0.49
Fatal2016                     0.43       0.43      0.33      0.34      1.00      0.39      0.37      0.34         0.38         0.41
Fatal2017                     0.49       0.49      0.35      0.40      0.39      1.00      0.43      0.41         0.39         0.44
Fatal2018                     0.73       0.45      0.33      0.36      0.37      0.43      1.00      0.40         0.37         0.40
Fatal2019                     0.47       0.75      0.33      0.36      0.34      0.41      0.40      1.00         0.35         0.38
nonfatal2014                  0.58       0.56      0.43      0.37      0.38      0.39      0.37      0.35         1.00         0.58
nonfatal2015                  0.61       0.58      0.36      0.49      0.41      0.44      0.40      0.38         0.58         1.00
nonfatal2016                  0.62       0.58      0.35      0.39      0.57      0.44      0.38      0.35         0.57         0.64
nonfatal2017                  0.66       0.62      0.36      0.40      0.42      0.54      0.41      0.40         0.59         0.63
nonfatal2018                  0.96       0.65      0.36      0.40      0.39      0.44      0.50      0.42         0.58         0.60
nonfatal2019                  0.66       0.96      0.37      0.40      0.41      0.45      0.41      0.53         0.56         0.58
PctAge18_34R                 -0.02      -0.03     -0.01     -0.02     -0.03     -0.04     -0.03     -0.03        -0.01        -0.02
PctAge35_64R                 -0.11      -0.11     -0.09     -0.07     -0.07     -0.08     -0.08     -0.08        -0.09        -0.09
PctAge65_69R                 -0.07      -0.08     -0.06     -0.05     -0.06     -0.06     -0.05     -0.06        -0.06        -0.06
PctAge70_74R                 -0.05      -0.04     -0.05     -0.04     -0.04     -0.03     -0.04     -0.04        -0.04        -0.03
PctAge75_79R                 -0.03      -0.03     -0.02     -0.02     -0.02     -0.02     -0.01     -0.03        -0.02        -0.02
PctAge80_84R                 -0.05      -0.05     -0.04     -0.04     -0.04     -0.03     -0.03     -0.04        -0.04        -0.03
                        nonfatal2016 nonfatal2017 nonfatal2018 nonfatal2019 PctAge18_34R PctAge35_64R PctAge65_69R PctAge70_74R
HRBehav_2014                    0.33         0.34         0.36         0.37        -0.10        -0.25        -0.21        -0.13
HRBehav_2015                    0.32         0.34         0.35         0.36        -0.11        -0.22        -0.20        -0.12
HRBehav_2016                    0.31         0.33         0.34         0.35        -0.13        -0.22        -0.19        -0.11
HRBehav_2017                    0.31         0.33         0.35         0.36        -0.13        -0.21        -0.18        -0.11
HRBehav_2018                    0.31         0.33         0.34         0.35        -0.14        -0.21        -0.18        -0.10
HRBehav_2019                    0.31         0.33         0.34         0.35        -0.14        -0.21        -0.18        -0.10
HStat_2014                      0.30         0.32         0.33         0.34        -0.12        -0.23        -0.19        -0.11
HStat_2015                      0.29         0.31         0.32         0.33        -0.13        -0.23        -0.19        -0.11
HStat_2016                      0.29         0.31         0.32         0.33        -0.12        -0.25        -0.19        -0.12
HStat_2017                      0.29         0.31         0.33         0.34        -0.11        -0.25        -0.18        -0.11
HStat_2018                      0.29         0.31         0.34         0.35        -0.08        -0.27        -0.20        -0.12
HStat_2019                      0.31         0.33         0.35         0.36        -0.05        -0.28        -0.19        -0.12
Hprevention_2014                0.25         0.26         0.27         0.28         0.11        -0.40        -0.35        -0.26
Hprevention_2015                0.25         0.27         0.27         0.28         0.09        -0.39        -0.34        -0.26
Hprevention_2016                0.26         0.27         0.28         0.28         0.08        -0.38        -0.34        -0.25
Hprevention_2017                0.26         0.27         0.28         0.28         0.07        -0.37        -0.33        -0.24
Hprevention_2018                0.24         0.25         0.25         0.26         0.03        -0.34        -0.31        -0.22
Hprevention_2019                0.24         0.25         0.25         0.26         0.03        -0.33        -0.30        -0.22
CDIS_2014                       0.36         0.39         0.40         0.41         0.00        -0.32        -0.25        -0.18
CDIS_2015                       0.36         0.39         0.40         0.41        -0.01        -0.32        -0.24        -0.17
CDIS_2016                       0.36         0.39         0.40         0.41        -0.01        -0.31        -0.23        -0.16
CDIS_2017                       0.37         0.39         0.40         0.41        -0.01        -0.30        -0.23        -0.16
CDIS_2018                       0.36         0.39         0.40         0.41        -0.01        -0.30        -0.22        -0.15
CDIS_2019                       0.36         0.39         0.40         0.41        -0.01        -0.29        -0.21        -0.14
miles_to_nearest_trauma        -0.05        -0.04        -0.05        -0.05        -0.09        -0.03        -0.02        -0.02
A_livingaloneR                  0.00         0.00         0.02         0.02         0.23         0.01         0.06         0.06
A_f_m_sexratio                  0.12         0.13         0.12         0.13        -0.20        -0.07         0.14         0.18
A_yngmale1524R                 -0.02         0.00         0.00         0.00         0.41        -0.42        -0.25        -0.22
total_2014                      0.58         0.59         0.59         0.58        -0.01        -0.10        -0.07        -0.05
total_2015                      0.64         0.63         0.61         0.59        -0.02        -0.10        -0.06        -0.04
total_2016                      0.96         0.68         0.61         0.60        -0.02        -0.10        -0.06        -0.04
total_2017                      0.69         0.96         0.66         0.64        -0.03        -0.10        -0.07        -0.04
total_2018                      0.62         0.66         0.96         0.66        -0.02        -0.11        -0.07        -0.05
total_2019                      0.58         0.62         0.65         0.96        -0.03        -0.11        -0.08        -0.04
Fatal2014                       0.35         0.36         0.36         0.37        -0.01        -0.09        -0.06        -0.05
Fatal2015                       0.39         0.40         0.40         0.40        -0.02        -0.07        -0.05        -0.04
Fatal2016                       0.57         0.42         0.39         0.41        -0.03        -0.07        -0.06        -0.04
Fatal2017                       0.44         0.54         0.44         0.45        -0.04        -0.08        -0.06        -0.03
Fatal2018                       0.38         0.41         0.50         0.41        -0.03        -0.08        -0.05        -0.04
Fatal2019                       0.35         0.40         0.42         0.53        -0.03        -0.08        -0.06        -0.04
nonfatal2014                    0.57         0.59         0.58         0.56        -0.01        -0.09        -0.06        -0.04
nonfatal2015                    0.64         0.63         0.60         0.58        -0.02        -0.09        -0.06        -0.03
nonfatal2016                    1.00         0.70         0.62         0.60        -0.01        -0.10        -0.06        -0.03
nonfatal2017                    0.70         1.00         0.66         0.63        -0.02        -0.10        -0.06        -0.04
nonfatal2018                    0.62         0.66         1.00         0.66        -0.01        -0.10        -0.07        -0.05
nonfatal2019                    0.60         0.63         0.66         1.00        -0.02        -0.10        -0.07        -0.04
PctAge18_34R                   -0.01        -0.02        -0.01        -0.02         1.00        -0.65        -0.42        -0.39
PctAge35_64R                   -0.10        -0.10        -0.10        -0.10        -0.65         1.00         0.31         0.22
PctAge65_69R                   -0.06        -0.06        -0.07        -0.07        -0.42         0.31         1.00         0.50
PctAge70_74R                   -0.03        -0.04        -0.05        -0.04        -0.39         0.22         0.50         1.00
PctAge75_79R                   -0.02        -0.03        -0.03        -0.03        -0.36         0.15         0.41         0.52
PctAge80_84R                   -0.04        -0.05        -0.05        -0.05        -0.32         0.11         0.36         0.46
                        PctAge75_79R PctAge80_84R
HRBehav_2014                   -0.08        -0.10
HRBehav_2015                   -0.08        -0.10
HRBehav_2016                   -0.06        -0.09
HRBehav_2017                   -0.07        -0.09
HRBehav_2018                   -0.06        -0.09
HRBehav_2019                   -0.06        -0.09
HStat_2014                     -0.07        -0.09
HStat_2015                     -0.07        -0.09
HStat_2016                     -0.07        -0.09
HStat_2017                     -0.07        -0.09
HStat_2018                     -0.08        -0.10
HStat_2019                     -0.08        -0.10
Hprevention_2014               -0.22        -0.23
Hprevention_2015               -0.21        -0.22
Hprevention_2016               -0.20        -0.21
Hprevention_2017               -0.19        -0.21
Hprevention_2018               -0.18        -0.19
Hprevention_2019               -0.18        -0.19
CDIS_2014                      -0.14        -0.15
CDIS_2015                      -0.14        -0.15
CDIS_2016                      -0.14        -0.15
CDIS_2017                      -0.13        -0.15
CDIS_2018                      -0.12        -0.14
CDIS_2019                      -0.12        -0.13
miles_to_nearest_trauma        -0.03        -0.04
A_livingaloneR                  0.07         0.07
A_f_m_sexratio                  0.18         0.17
A_yngmale1524R                 -0.20        -0.20
total_2014                     -0.03        -0.05
total_2015                     -0.02        -0.04
total_2016                     -0.02        -0.05
total_2017                     -0.03        -0.05
total_2018                     -0.03        -0.05
total_2019                     -0.03        -0.05
Fatal2014                      -0.02        -0.04
Fatal2015                      -0.02        -0.04
Fatal2016                      -0.02        -0.04
Fatal2017                      -0.02        -0.03
Fatal2018                      -0.01        -0.03
Fatal2019                      -0.03        -0.04
nonfatal2014                   -0.02        -0.04
nonfatal2015                   -0.02        -0.03
nonfatal2016                   -0.02        -0.04
nonfatal2017                   -0.03        -0.05
nonfatal2018                   -0.03        -0.05
nonfatal2019                   -0.03        -0.05
PctAge18_34R                   -0.36        -0.32
PctAge35_64R                    0.15         0.11
PctAge65_69R                    0.41         0.36
PctAge70_74R                    0.52         0.46
PctAge75_79R                    1.00         0.55
PctAge80_84R                    0.55         1.00
Sample Size 
[1] 14896
Probability values (Entries above the diagonal are adjusted for multiple tests.) 
                        HRBehav_2014 HRBehav_2015 HRBehav_2016 HRBehav_2017 HRBehav_2018 HRBehav_2019 HStat_2014 HStat_2015 HStat_2016
HRBehav_2014                    0.00         0.00         0.00         0.00         0.00         0.00       0.00       0.00       0.00
HRBehav_2015                    0.00         0.00         0.00         0.00         0.00         0.00       0.00       0.00       0.00
HRBehav_2016                    0.00         0.00         0.00         0.00         0.00         0.00       0.00       0.00       0.00
HRBehav_2017                    0.00         0.00         0.00         0.00         0.00         0.00       0.00       0.00       0.00
HRBehav_2018                    0.00         0.00         0.00         0.00         0.00         0.00       0.00       0.00       0.00
HRBehav_2019                    0.00         0.00         0.00         0.00         0.00         0.00       0.00       0.00       0.00
HStat_2014                      0.00         0.00         0.00         0.00         0.00         0.00       0.00       0.00       0.00
HStat_2015                      0.00         0.00         0.00         0.00         0.00         0.00       0.00       0.00       0.00
HStat_2016                      0.00         0.00         0.00         0.00         0.00         0.00       0.00       0.00       0.00
HStat_2017                      0.00         0.00         0.00         0.00         0.00         0.00       0.00       0.00       0.00
HStat_2018                      0.00         0.00         0.00         0.00         0.00         0.00       0.00       0.00       0.00
HStat_2019                      0.00         0.00         0.00         0.00         0.00         0.00       0.00       0.00       0.00
Hprevention_2014                0.00         0.00         0.00         0.00         0.00         0.00       0.00       0.00       0.00
Hprevention_2015                0.00         0.00         0.00         0.00         0.00         0.00       0.00       0.00       0.00
Hprevention_2016                0.00         0.00         0.00         0.00         0.00         0.00       0.00       0.00       0.00
Hprevention_2017                0.00         0.00         0.00         0.00         0.00         0.00       0.00       0.00       0.00
Hprevention_2018                0.00         0.00         0.00         0.00         0.00         0.00       0.00       0.00       0.00
Hprevention_2019                0.00         0.00         0.00         0.00         0.00         0.00       0.00       0.00       0.00
CDIS_2014                       0.00         0.00         0.00         0.00         0.00         0.00       0.00       0.00       0.00
CDIS_2015                       0.00         0.00         0.00         0.00         0.00         0.00       0.00       0.00       0.00
CDIS_2016                       0.00         0.00         0.00         0.00         0.00         0.00       0.00       0.00       0.00
CDIS_2017                       0.00         0.00         0.00         0.00         0.00         0.00       0.00       0.00       0.00
CDIS_2018                       0.00         0.00         0.00         0.00         0.00         0.00       0.00       0.00       0.00
CDIS_2019                       0.00         0.00         0.00         0.00         0.00         0.00       0.00       0.00       0.00
miles_to_nearest_trauma         0.58         0.01         0.01         0.00         0.00         0.00       0.02       0.75       0.02
A_livingaloneR                  0.00         0.00         0.00         0.00         0.00         0.00       0.00       0.00       0.00
A_f_m_sexratio                  0.00         0.00         0.00         0.00         0.00         0.00       0.00       0.00       0.00
A_yngmale1524R                  0.68         0.34         0.62         0.48         0.73         0.57       0.25       0.43       0.00
total_2014                      0.00         0.00         0.00         0.00         0.00         0.00       0.00       0.00       0.00
total_2015                      0.00         0.00         0.00         0.00         0.00         0.00       0.00       0.00       0.00
total_2016                      0.00         0.00         0.00         0.00         0.00         0.00       0.00       0.00       0.00
total_2017                      0.00         0.00         0.00         0.00         0.00         0.00       0.00       0.00       0.00
total_2018                      0.00         0.00         0.00         0.00         0.00         0.00       0.00       0.00       0.00
total_2019                      0.00         0.00         0.00         0.00         0.00         0.00       0.00       0.00       0.00
Fatal2014                       0.00         0.00         0.00         0.00         0.00         0.00       0.00       0.00       0.00
Fatal2015                       0.00         0.00         0.00         0.00         0.00         0.00       0.00       0.00       0.00
Fatal2016                       0.00         0.00         0.00         0.00         0.00         0.00       0.00       0.00       0.00
Fatal2017                       0.00         0.00         0.00         0.00         0.00         0.00       0.00       0.00       0.00
Fatal2018                       0.00         0.00         0.00         0.00         0.00         0.00       0.00       0.00       0.00
Fatal2019                       0.00         0.00         0.00         0.00         0.00         0.00       0.00       0.00       0.00
nonfatal2014                    0.00         0.00         0.00         0.00         0.00         0.00       0.00       0.00       0.00
nonfatal2015                    0.00         0.00         0.00         0.00         0.00         0.00       0.00       0.00       0.00
nonfatal2016                    0.00         0.00         0.00         0.00         0.00         0.00       0.00       0.00       0.00
nonfatal2017                    0.00         0.00         0.00         0.00         0.00         0.00       0.00       0.00       0.00
nonfatal2018                    0.00         0.00         0.00         0.00         0.00         0.00       0.00       0.00       0.00
nonfatal2019                    0.00         0.00         0.00         0.00         0.00         0.00       0.00       0.00       0.00
PctAge18_34R                    0.00         0.00         0.00         0.00         0.00         0.00       0.00       0.00       0.00
PctAge35_64R                    0.00         0.00         0.00         0.00         0.00         0.00       0.00       0.00       0.00
PctAge65_69R                    0.00         0.00         0.00         0.00         0.00         0.00       0.00       0.00       0.00
PctAge70_74R                    0.00         0.00         0.00         0.00         0.00         0.00       0.00       0.00       0.00
PctAge75_79R                    0.00         0.00         0.00         0.00         0.00         0.00       0.00       0.00       0.00
PctAge80_84R                    0.00         0.00         0.00         0.00         0.00         0.00       0.00       0.00       0.00
                        HStat_2017 HStat_2018 HStat_2019 Hprevention_2014 Hprevention_2015 Hprevention_2016 Hprevention_2017
HRBehav_2014                     0          0       0.00             0.00             0.00             0.00             0.00
HRBehav_2015                     0          0       0.00             0.00             0.00             0.00             0.00
HRBehav_2016                     0          0       0.00             0.00             0.00             0.00             0.00
HRBehav_2017                     0          0       0.00             0.00             0.00             0.00             0.00
HRBehav_2018                     0          0       0.00             0.00             0.00             0.00             0.00
HRBehav_2019                     0          0       0.00             0.00             0.00             0.00             0.00
HStat_2014                       0          0       0.00             0.00             0.00             0.00             0.00
HStat_2015                       0          0       0.00             0.00             0.00             0.00             0.00
HStat_2016                       0          0       0.00             0.00             0.00             0.00             0.00
HStat_2017                       0          0       0.00             0.00             0.00             0.00             0.00
HStat_2018                       0          0       0.00             0.00             0.00             0.00             0.00
HStat_2019                       0          0       0.00             0.00             0.00             0.00             0.00
Hprevention_2014                 0          0       0.00             0.00             0.00             0.00             0.00
Hprevention_2015                 0          0       0.00             0.00             0.00             0.00             0.00
Hprevention_2016                 0          0       0.00             0.00             0.00             0.00             0.00
Hprevention_2017                 0          0       0.00             0.00             0.00             0.00             0.00
Hprevention_2018                 0          0       0.00             0.00             0.00             0.00             0.00
Hprevention_2019                 0          0       0.00             0.00             0.00             0.00             0.00
CDIS_2014                        0          0       0.00             0.00             0.00             0.00             0.00
CDIS_2015                        0          0       0.00             0.00             0.00             0.00             0.00
CDIS_2016                        0          0       0.00             0.00             0.00             0.00             0.00
CDIS_2017                        0          0       0.00             0.00             0.00             0.00             0.00
CDIS_2018                        0          0       0.00             0.00             0.00             0.00             0.00
CDIS_2019                        0          0       0.00             0.00             0.00             0.00             0.00
miles_to_nearest_trauma          0          0       0.01             0.00             0.00             0.00             0.00
A_livingaloneR                   0          0       0.00             0.00             0.00             0.00             0.00
A_f_m_sexratio                   0          0       0.00             0.35             0.41             0.72             0.32
A_yngmale1524R                   0          0       0.00             0.00             0.00             0.00             0.00
total_2014                       0          0       0.00             0.00             0.00             0.00             0.00
total_2015                       0          0       0.00             0.00             0.00             0.00             0.00
total_2016                       0          0       0.00             0.00             0.00             0.00             0.00
total_2017                       0          0       0.00             0.00             0.00             0.00             0.00
total_2018                       0          0       0.00             0.00             0.00             0.00             0.00
total_2019                       0          0       0.00             0.00             0.00             0.00             0.00
Fatal2014                        0          0       0.00             0.00             0.00             0.00             0.00
Fatal2015                        0          0       0.00             0.00             0.00             0.00             0.00
Fatal2016                        0          0       0.00             0.00             0.00             0.00             0.00
Fatal2017                        0          0       0.00             0.00             0.00             0.00             0.00
Fatal2018                        0          0       0.00             0.00             0.00             0.00             0.00
Fatal2019                        0          0       0.00             0.00             0.00             0.00             0.00
nonfatal2014                     0          0       0.00             0.00             0.00             0.00             0.00
nonfatal2015                     0          0       0.00             0.00             0.00             0.00             0.00
nonfatal2016                     0          0       0.00             0.00             0.00             0.00             0.00
nonfatal2017                     0          0       0.00             0.00             0.00             0.00             0.00
nonfatal2018                     0          0       0.00             0.00             0.00             0.00             0.00
nonfatal2019                     0          0       0.00             0.00             0.00             0.00             0.00
PctAge18_34R                     0          0       0.00             0.00             0.00             0.00             0.00
PctAge35_64R                     0          0       0.00             0.00             0.00             0.00             0.00
PctAge65_69R                     0          0       0.00             0.00             0.00             0.00             0.00
PctAge70_74R                     0          0       0.00             0.00             0.00             0.00             0.00
PctAge75_79R                     0          0       0.00             0.00             0.00             0.00             0.00
PctAge80_84R                     0          0       0.00             0.00             0.00             0.00             0.00
                        Hprevention_2018 Hprevention_2019 CDIS_2014 CDIS_2015 CDIS_2016 CDIS_2017 CDIS_2018 CDIS_2019
HRBehav_2014                        0.00             0.00      0.00      0.00       0.0      0.00      0.00      0.00
HRBehav_2015                        0.00             0.00      0.00      0.00       0.0      0.00      0.00      0.00
HRBehav_2016                        0.00             0.00      0.00      0.00       0.0      0.00      0.00      0.00
HRBehav_2017                        0.00             0.00      0.00      0.00       0.0      0.00      0.00      0.00
HRBehav_2018                        0.00             0.00      0.00      0.00       0.0      0.00      0.00      0.00
HRBehav_2019                        0.00             0.00      0.00      0.00       0.0      0.00      0.00      0.00
HStat_2014                          0.00             0.00      0.00      0.00       0.0      0.00      0.00      0.00
HStat_2015                          0.00             0.00      0.00      0.00       0.0      0.00      0.00      0.00
HStat_2016                          0.00             0.00      0.00      0.00       0.0      0.00      0.00      0.00
HStat_2017                          0.00             0.00      0.00      0.00       0.0      0.00      0.00      0.00
HStat_2018                          0.00             0.00      0.00      0.00       0.0      0.00      0.00      0.00
HStat_2019                          0.00             0.00      0.00      0.00       0.0      0.00      0.00      0.00
Hprevention_2014                    0.00             0.00      0.00      0.00       0.0      0.00      0.00      0.00
Hprevention_2015                    0.00             0.00      0.00      0.00       0.0      0.00      0.00      0.00
Hprevention_2016                    0.00             0.00      0.00      0.00       0.0      0.00      0.00      0.00
Hprevention_2017                    0.00             0.00      0.00      0.00       0.0      0.00      0.00      0.00
Hprevention_2018                    0.00             0.00      0.00      0.00       0.0      0.00      0.00      0.00
Hprevention_2019                    0.00             0.00      0.00      0.00       0.0      0.00      0.00      0.00
CDIS_2014                           0.00             0.00      0.00      0.00       0.0      0.00      0.00      0.00
CDIS_2015                           0.00             0.00      0.00      0.00       0.0      0.00      0.00      0.00
CDIS_2016                           0.00             0.00      0.00      0.00       0.0      0.00      0.00      0.00
CDIS_2017                           0.00             0.00      0.00      0.00       0.0      0.00      0.00      0.00
CDIS_2018                           0.00             0.00      0.00      0.00       0.0      0.00      0.00      0.00
CDIS_2019                           0.00             0.00      0.00      0.00       0.0      0.00      0.00      0.00
miles_to_nearest_trauma             0.00             0.00      0.00      0.00       0.0      0.00      0.00      0.00
A_livingaloneR                      0.00             0.00      0.00      0.00       0.0      0.00      0.00      0.00
A_f_m_sexratio                      0.26             0.27      0.00      0.00       0.0      0.00      0.00      0.00
A_yngmale1524R                      0.00             0.00      0.32      0.25       0.2      0.13      0.05      0.02
total_2014                          0.00             0.00      0.00      0.00       0.0      0.00      0.00      0.00
total_2015                          0.00             0.00      0.00      0.00       0.0      0.00      0.00      0.00
total_2016                          0.00             0.00      0.00      0.00       0.0      0.00      0.00      0.00
total_2017                          0.00             0.00      0.00      0.00       0.0      0.00      0.00      0.00
total_2018                          0.00             0.00      0.00      0.00       0.0      0.00      0.00      0.00
total_2019                          0.00             0.00      0.00      0.00       0.0      0.00      0.00      0.00
Fatal2014                           0.00             0.00      0.00      0.00       0.0      0.00      0.00      0.00
Fatal2015                           0.00             0.00      0.00      0.00       0.0      0.00      0.00      0.00
Fatal2016                           0.00             0.00      0.00      0.00       0.0      0.00      0.00      0.00
Fatal2017                           0.00             0.00      0.00      0.00       0.0      0.00      0.00      0.00
Fatal2018                           0.00             0.00      0.00      0.00       0.0      0.00      0.00      0.00
Fatal2019                           0.00             0.00      0.00      0.00       0.0      0.00      0.00      0.00
nonfatal2014                        0.00             0.00      0.00      0.00       0.0      0.00      0.00      0.00
nonfatal2015                        0.00             0.00      0.00      0.00       0.0      0.00      0.00      0.00
nonfatal2016                        0.00             0.00      0.00      0.00       0.0      0.00      0.00      0.00
nonfatal2017                        0.00             0.00      0.00      0.00       0.0      0.00      0.00      0.00
nonfatal2018                        0.00             0.00      0.00      0.00       0.0      0.00      0.00      0.00
nonfatal2019                        0.00             0.00      0.00      0.00       0.0      0.00      0.00      0.00
PctAge18_34R                        0.00             0.00      0.90      0.28       0.3      0.23      0.31      0.20
PctAge35_64R                        0.00             0.00      0.00      0.00       0.0      0.00      0.00      0.00
PctAge65_69R                        0.00             0.00      0.00      0.00       0.0      0.00      0.00      0.00
PctAge70_74R                        0.00             0.00      0.00      0.00       0.0      0.00      0.00      0.00
PctAge75_79R                        0.00             0.00      0.00      0.00       0.0      0.00      0.00      0.00
PctAge80_84R                        0.00             0.00      0.00      0.00       0.0      0.00      0.00      0.00
                        miles_to_nearest_trauma A_livingaloneR A_f_m_sexratio A_yngmale1524R total_2014 total_2015 total_2016 total_2017
HRBehav_2014                               1.00           0.00           0.00           1.00       0.00       0.00       0.00          0
HRBehav_2015                               1.00           0.00           0.00           1.00       0.00       0.00       0.00          0
HRBehav_2016                               0.51           0.00           0.00           1.00       0.00       0.00       0.00          0
HRBehav_2017                               0.00           0.00           0.00           1.00       0.00       0.00       0.00          0
HRBehav_2018                               0.00           0.00           0.00           1.00       0.00       0.00       0.00          0
HRBehav_2019                               0.03           0.00           0.00           1.00       0.00       0.00       0.00          0
HStat_2014                                 1.00           0.00           0.00           1.00       0.00       0.00       0.00          0
HStat_2015                                 1.00           0.00           0.00           1.00       0.00       0.00       0.00          0
HStat_2016                                 1.00           0.00           0.00           0.27       0.00       0.00       0.00          0
HStat_2017                                 0.35           0.00           0.00           0.01       0.00       0.00       0.00          0
HStat_2018                                 0.26           0.00           0.00           0.00       0.00       0.00       0.00          0
HStat_2019                                 0.79           0.00           0.00           0.00       0.00       0.00       0.00          0
Hprevention_2014                           0.00           0.00           1.00           0.00       0.00       0.00       0.00          0
Hprevention_2015                           0.00           0.00           1.00           0.00       0.00       0.00       0.00          0
Hprevention_2016                           0.00           0.00           1.00           0.00       0.00       0.00       0.00          0
Hprevention_2017                           0.00           0.00           1.00           0.00       0.00       0.00       0.00          0
Hprevention_2018                           0.00           0.00           1.00           0.00       0.00       0.00       0.00          0
Hprevention_2019                           0.00           0.00           1.00           0.00       0.00       0.00       0.00          0
CDIS_2014                                  0.00           0.00           0.00           1.00       0.00       0.00       0.00          0
CDIS_2015                                  0.00           0.00           0.00           1.00       0.00       0.00       0.00          0
CDIS_2016                                  0.00           0.00           0.00           1.00       0.00       0.00       0.00          0
CDIS_2017                                  0.01           0.00           0.00           1.00       0.00       0.00       0.00          0
CDIS_2018                                  0.04           0.00           0.00           1.00       0.00       0.00       0.00          0
CDIS_2019                                  0.19           0.00           0.00           1.00       0.00       0.00       0.00          0
miles_to_nearest_trauma                    0.00           0.00           1.00           0.00       0.00       0.00       0.00          0
A_livingaloneR                             0.00           0.00           0.04           0.00       1.00       1.00       1.00          1
A_f_m_sexratio                             0.03           0.00           0.00           0.00       0.00       0.00       0.00          0
A_yngmale1524R                             0.00           0.00           0.00           0.00       1.00       1.00       1.00          1
total_2014                                 0.00           0.03           0.00           1.00       0.00       0.00       0.00          0
total_2015                                 0.00           0.19           0.00           0.37       0.00       0.00       0.00          0
total_2016                                 0.00           0.79           0.00           0.20       0.00       0.00       0.00          0
total_2017                                 0.00           0.58           0.00           0.74       0.00       0.00       0.00          0
total_2018                                 0.00           0.01           0.00           0.50       0.00       0.00       0.00          0
total_2019                                 0.00           0.00           0.00           0.58       0.00       0.00       0.00          0
Fatal2014                                  0.00           0.05           0.00           0.11       0.00       0.00       0.00          0
Fatal2015                                  0.00           0.03           0.00           0.36       0.00       0.00       0.00          0
Fatal2016                                  0.00           0.09           0.00           0.26       0.00       0.00       0.00          0
Fatal2017                                  0.00           0.40           0.00           0.76       0.00       0.00       0.00          0
Fatal2018                                  0.01           0.01           0.00           0.17       0.00       0.00       0.00          0
Fatal2019                                  0.00           0.00           0.00           0.03       0.00       0.00       0.00          0
nonfatal2014                               0.00           0.06           0.00           0.46       0.00       0.00       0.00          0
nonfatal2015                               0.00           0.47           0.00           0.12       0.00       0.00       0.00          0
nonfatal2016                               0.00           0.70           0.00           0.03       0.00       0.00       0.00          0
nonfatal2017                               0.00           0.72           0.00           0.57       0.00       0.00       0.00          0
nonfatal2018                               0.00           0.03           0.00           0.78       0.00       0.00       0.00          0
nonfatal2019                               0.00           0.01           0.00           0.83       0.00       0.00       0.00          0
PctAge18_34R                               0.00           0.00           0.00           0.00       0.07       0.01       0.01          0
PctAge35_64R                               0.00           0.40           0.00           0.00       0.00       0.00       0.00          0
PctAge65_69R                               0.02           0.00           0.00           0.00       0.00       0.00       0.00          0
PctAge70_74R                               0.01           0.00           0.00           0.00       0.00       0.00       0.00          0
PctAge75_79R                               0.00           0.00           0.00           0.00       0.00       0.00       0.01          0
PctAge80_84R                               0.00           0.00           0.00           0.00       0.00       0.00       0.00          0
                        total_2018 total_2019 Fatal2014 Fatal2015 Fatal2016 Fatal2017 Fatal2018 Fatal2019 nonfatal2014 nonfatal2015
HRBehav_2014                  0.00       0.00      0.00      0.00      0.00      0.00      0.00      0.00          0.0         0.00
HRBehav_2015                  0.00       0.00      0.00      0.00      0.00      0.00      0.00      0.00          0.0         0.00
HRBehav_2016                  0.00       0.00      0.00      0.00      0.00      0.00      0.00      0.00          0.0         0.00
HRBehav_2017                  0.00       0.00      0.00      0.00      0.00      0.00      0.00      0.00          0.0         0.00
HRBehav_2018                  0.00       0.00      0.00      0.00      0.00      0.00      0.00      0.00          0.0         0.00
HRBehav_2019                  0.00       0.00      0.00      0.00      0.00      0.00      0.00      0.00          0.0         0.00
HStat_2014                    0.00       0.00      0.00      0.00      0.00      0.00      0.00      0.00          0.0         0.00
HStat_2015                    0.00       0.00      0.00      0.00      0.00      0.00      0.00      0.00          0.0         0.00
HStat_2016                    0.00       0.00      0.00      0.00      0.00      0.00      0.00      0.00          0.0         0.00
HStat_2017                    0.00       0.00      0.00      0.00      0.00      0.00      0.00      0.00          0.0         0.00
HStat_2018                    0.00       0.00      0.00      0.00      0.00      0.00      0.00      0.00          0.0         0.00
HStat_2019                    0.00       0.00      0.00      0.00      0.00      0.00      0.00      0.00          0.0         0.00
Hprevention_2014              0.00       0.00      0.00      0.00      0.00      0.00      0.00      0.00          0.0         0.00
Hprevention_2015              0.00       0.00      0.00      0.00      0.00      0.00      0.00      0.00          0.0         0.00
Hprevention_2016              0.00       0.00      0.00      0.00      0.00      0.00      0.00      0.00          0.0         0.00
Hprevention_2017              0.00       0.00      0.00      0.00      0.00      0.00      0.00      0.00          0.0         0.00
Hprevention_2018              0.00       0.00      0.00      0.00      0.00      0.00      0.00      0.00          0.0         0.00
Hprevention_2019              0.00       0.00      0.00      0.00      0.00      0.00      0.00      0.00          0.0         0.00
CDIS_2014                     0.00       0.00      0.00      0.00      0.00      0.00      0.00      0.00          0.0         0.00
CDIS_2015                     0.00       0.00      0.00      0.00      0.00      0.00      0.00      0.00          0.0         0.00
CDIS_2016                     0.00       0.00      0.00      0.00      0.00      0.00      0.00      0.00          0.0         0.00
CDIS_2017                     0.00       0.00      0.00      0.00      0.00      0.00      0.00      0.00          0.0         0.00
CDIS_2018                     0.00       0.00      0.00      0.00      0.00      0.00      0.00      0.00          0.0         0.00
CDIS_2019                     0.00       0.00      0.00      0.00      0.00      0.00      0.00      0.00          0.0         0.00
miles_to_nearest_trauma       0.00       0.00      0.14      0.33      0.41      0.01      0.64      0.10          0.0         0.00
A_livingaloneR                0.74       0.13      1.00      1.00      1.00      1.00      0.69      0.12          1.0         1.00
A_f_m_sexratio                0.00       0.00      0.00      0.00      0.00      0.00      0.00      0.00          0.0         0.00
A_yngmale1524R                1.00       1.00      1.00      1.00      1.00      1.00      1.00      1.00          1.0         1.00
total_2014                    0.00       0.00      0.00      0.00      0.00      0.00      0.00      0.00          0.0         0.00
total_2015                    0.00       0.00      0.00      0.00      0.00      0.00      0.00      0.00          0.0         0.00
total_2016                    0.00       0.00      0.00      0.00      0.00      0.00      0.00      0.00          0.0         0.00
total_2017                    0.00       0.00      0.00      0.00      0.00      0.00      0.00      0.00          0.0         0.00
total_2018                    0.00       0.00      0.00      0.00      0.00      0.00      0.00      0.00          0.0         0.00
total_2019                    0.00       0.00      0.00      0.00      0.00      0.00      0.00      0.00          0.0         0.00
Fatal2014                     0.00       0.00      0.00      0.00      0.00      0.00      0.00      0.00          0.0         0.00
Fatal2015                     0.00       0.00      0.00      0.00      0.00      0.00      0.00      0.00          0.0         0.00
Fatal2016                     0.00       0.00      0.00      0.00      0.00      0.00      0.00      0.00          0.0         0.00
Fatal2017                     0.00       0.00      0.00      0.00      0.00      0.00      0.00      0.00          0.0         0.00
Fatal2018                     0.00       0.00      0.00      0.00      0.00      0.00      0.00      0.00          0.0         0.00
Fatal2019                     0.00       0.00      0.00      0.00      0.00      0.00      0.00      0.00          0.0         0.00
nonfatal2014                  0.00       0.00      0.00      0.00      0.00      0.00      0.00      0.00          0.0         0.00
nonfatal2015                  0.00       0.00      0.00      0.00      0.00      0.00      0.00      0.00          0.0         0.00
nonfatal2016                  0.00       0.00      0.00      0.00      0.00      0.00      0.00      0.00          0.0         0.00
nonfatal2017                  0.00       0.00      0.00      0.00      0.00      0.00      0.00      0.00          0.0         0.00
nonfatal2018                  0.00       0.00      0.00      0.00      0.00      0.00      0.00      0.00          0.0         0.00
nonfatal2019                  0.00       0.00      0.00      0.00      0.00      0.00      0.00      0.00          0.0         0.00
PctAge18_34R                  0.05       0.00      0.14      0.00      0.00      0.00      0.00      0.00          0.1         0.03
PctAge35_64R                  0.00       0.00      0.00      0.00      0.00      0.00      0.00      0.00          0.0         0.00
PctAge65_69R                  0.00       0.00      0.00      0.00      0.00      0.00      0.00      0.00          0.0         0.00
PctAge70_74R                  0.00       0.00      0.00      0.00      0.00      0.00      0.00      0.00          0.0         0.00
PctAge75_79R                  0.00       0.00      0.01      0.02      0.02      0.06      0.12      0.00          0.0         0.01
PctAge80_84R                  0.00       0.00      0.00      0.00      0.00      0.00      0.00      0.00          0.0         0.00
                        nonfatal2016 nonfatal2017 nonfatal2018 nonfatal2019 PctAge18_34R PctAge35_64R PctAge65_69R PctAge70_74R
HRBehav_2014                    0.00         0.00         0.00         0.00         0.00         0.00            0         0.00
HRBehav_2015                    0.00         0.00         0.00         0.00         0.00         0.00            0         0.00
HRBehav_2016                    0.00         0.00         0.00         0.00         0.00         0.00            0         0.00
HRBehav_2017                    0.00         0.00         0.00         0.00         0.00         0.00            0         0.00
HRBehav_2018                    0.00         0.00         0.00         0.00         0.00         0.00            0         0.00
HRBehav_2019                    0.00         0.00         0.00         0.00         0.00         0.00            0         0.00
HStat_2014                      0.00         0.00         0.00         0.00         0.00         0.00            0         0.00
HStat_2015                      0.00         0.00         0.00         0.00         0.00         0.00            0         0.00
HStat_2016                      0.00         0.00         0.00         0.00         0.00         0.00            0         0.00
HStat_2017                      0.00         0.00         0.00         0.00         0.00         0.00            0         0.00
HStat_2018                      0.00         0.00         0.00         0.00         0.00         0.00            0         0.00
HStat_2019                      0.00         0.00         0.00         0.00         0.00         0.00            0         0.00
Hprevention_2014                0.00         0.00         0.00         0.00         0.00         0.00            0         0.00
Hprevention_2015                0.00         0.00         0.00         0.00         0.00         0.00            0         0.00
Hprevention_2016                0.00         0.00         0.00         0.00         0.00         0.00            0         0.00
Hprevention_2017                0.00         0.00         0.00         0.00         0.00         0.00            0         0.00
Hprevention_2018                0.00         0.00         0.00         0.00         0.01         0.00            0         0.00
Hprevention_2019                0.00         0.00         0.00         0.00         0.08         0.00            0         0.00
CDIS_2014                       0.00         0.00         0.00         0.00         1.00         0.00            0         0.00
CDIS_2015                       0.00         0.00         0.00         0.00         1.00         0.00            0         0.00
CDIS_2016                       0.00         0.00         0.00         0.00         1.00         0.00            0         0.00
CDIS_2017                       0.00         0.00         0.00         0.00         1.00         0.00            0         0.00
CDIS_2018                       0.00         0.00         0.00         0.00         1.00         0.00            0         0.00
CDIS_2019                       0.00         0.00         0.00         0.00         1.00         0.00            0         0.00
miles_to_nearest_trauma         0.00         0.00         0.00         0.00         0.00         0.04            1         0.63
A_livingaloneR                  1.00         1.00         1.00         0.56         0.00         1.00            0         0.00
A_f_m_sexratio                  0.00         0.00         0.00         0.00         0.00         0.00            0         0.00
A_yngmale1524R                  1.00         1.00         1.00         1.00         0.00         0.00            0         0.00
total_2014                      0.00         0.00         0.00         0.00         1.00         0.00            0         0.00
total_2015                      0.00         0.00         0.00         0.00         0.60         0.00            0         0.00
total_2016                      0.00         0.00         0.00         0.00         1.00         0.00            0         0.00
total_2017                      0.00         0.00         0.00         0.00         0.09         0.00            0         0.00
total_2018                      0.00         0.00         0.00         0.00         1.00         0.00            0         0.00
total_2019                      0.00         0.00         0.00         0.00         0.21         0.00            0         0.00
Fatal2014                       0.00         0.00         0.00         0.00         1.00         0.00            0         0.00
Fatal2015                       0.00         0.00         0.00         0.00         0.34         0.00            0         0.00
Fatal2016                       0.00         0.00         0.00         0.00         0.04         0.00            0         0.00
Fatal2017                       0.00         0.00         0.00         0.00         0.00         0.00            0         0.02
Fatal2018                       0.00         0.00         0.00         0.00         0.09         0.00            0         0.00
Fatal2019                       0.00         0.00         0.00         0.00         0.02         0.00            0         0.00
nonfatal2014                    0.00         0.00         0.00         0.00         1.00         0.00            0         0.00
nonfatal2015                    0.00         0.00         0.00         0.00         1.00         0.00            0         0.00
nonfatal2016                    0.00         0.00         0.00         0.00         1.00         0.00            0         0.00
nonfatal2017                    0.00         0.00         0.00         0.00         1.00         0.00            0         0.00
nonfatal2018                    0.00         0.00         0.00         0.00         1.00         0.00            0         0.00
nonfatal2019                    0.00         0.00         0.00         0.00         1.00         0.00            0         0.00
PctAge18_34R                    0.11         0.03         0.29         0.02         0.00         0.00            0         0.00
PctAge35_64R                    0.00         0.00         0.00         0.00         0.00         0.00            0         0.00
PctAge65_69R                    0.00         0.00         0.00         0.00         0.00         0.00            0         0.00
PctAge70_74R                    0.00         0.00         0.00         0.00         0.00         0.00            0         0.00
PctAge75_79R                    0.01         0.00         0.00         0.00         0.00         0.00            0         0.00
PctAge80_84R                    0.00         0.00         0.00         0.00         0.00         0.00            0         0.00
                        PctAge75_79R PctAge80_84R
HRBehav_2014                    0.00         0.00
HRBehav_2015                    0.00         0.00
HRBehav_2016                    0.00         0.00
HRBehav_2017                    0.00         0.00
HRBehav_2018                    0.00         0.00
HRBehav_2019                    0.00         0.00
HStat_2014                      0.00         0.00
HStat_2015                      0.00         0.00
HStat_2016                      0.00         0.00
HStat_2017                      0.00         0.00
HStat_2018                      0.00         0.00
HStat_2019                      0.00         0.00
Hprevention_2014                0.00         0.00
Hprevention_2015                0.00         0.00
Hprevention_2016                0.00         0.00
Hprevention_2017                0.00         0.00
Hprevention_2018                0.00         0.00
Hprevention_2019                0.00         0.00
CDIS_2014                       0.00         0.00
CDIS_2015                       0.00         0.00
CDIS_2016                       0.00         0.00
CDIS_2017                       0.00         0.00
CDIS_2018                       0.00         0.00
CDIS_2019                       0.00         0.00
miles_to_nearest_trauma         0.01         0.00
A_livingaloneR                  0.00         0.00
A_f_m_sexratio                  0.00         0.00
A_yngmale1524R                  0.00         0.00
total_2014                      0.08         0.00
total_2015                      0.25         0.00
total_2016                      0.46         0.00
total_2017                      0.10         0.00
total_2018                      0.02         0.00
total_2019                      0.03         0.00
Fatal2014                       0.60         0.00
Fatal2015                       1.00         0.00
Fatal2016                       1.00         0.00
Fatal2017                       1.00         0.00
Fatal2018                       1.00         0.01
Fatal2019                       0.08         0.00
nonfatal2014                    0.24         0.00
nonfatal2015                    0.46         0.01
nonfatal2016                    0.76         0.00
nonfatal2017                    0.07         0.00
nonfatal2018                    0.01         0.00
nonfatal2019                    0.14         0.00
PctAge18_34R                    0.00         0.00
PctAge35_64R                    0.00         0.00
PctAge65_69R                    0.00         0.00
PctAge70_74R                    0.00         0.00
PctAge75_79R                    0.00         0.00
PctAge80_84R                    0.00         0.00

 To see confidence intervals of the correlations, print with the short=FALSE option
