                     HRBehav_2014         HRBehav_2015         HRBehav_2016         HRBehav_2017         HRBehav_2018
nbr.val       14896.0000000000000  14896.0000000000000  14896.0000000000000  14896.0000000000000  14896.0000000000000
nbr.null          0.0000000000000      0.0000000000000      0.0000000000000      0.0000000000000      0.0000000000000
nbr.na            0.0000000000000      0.0000000000000      0.0000000000000      0.0000000000000      0.0000000000000
min               7.7999999523163      7.5999999046326      7.0499999523163      7.7499997615814      7.3999998569489
max              50.6499996185303     50.3999996185303     48.0000000000000     50.1500015258789     53.9500007629395
range            42.8499996662140     42.7999997138977     40.9500000476837     42.4000017642975     46.5500009059906
sum          340644.9000117779942 348233.1499540806981 332140.2499926091405 347594.7500064374181 328339.4000451565953
median           22.3000001907349     22.8500003814697     21.5999999046326     22.6999998092651     21.2500000000000
mean             22.8682129438626     23.3776282192589     22.2972777921999     23.3347710799166     22.0421186926126
SE.mean           0.0607723102437      0.0602610303472      0.0614457450054      0.0610402207219      0.0618817007676
CI.mean.0.95      0.1191212190879      0.1181190474686      0.1204412342307      0.1196463566487      0.1212957612621
var              55.0150049214127     54.0932119326960     56.2410334127009     55.5011336978671     57.0419214798157
std.dev           7.4172100497028      7.3548087624829      7.4994022036894      7.4499083013059      7.5526102428111
coef.var          0.3243458536927      0.3146088513985      0.3363371203238      0.3192621121412      0.3426444775176
                     HRBehav_2019           HStat_2014           HStat_2015           HStat_2016           HStat_2017
nbr.val       14896.0000000000000  14896.0000000000000  14896.0000000000000  14896.0000000000000  14896.0000000000000
nbr.null          0.0000000000000      0.0000000000000      0.0000000000000      0.0000000000000      0.0000000000000
nbr.na            0.0000000000000      0.0000000000000      0.0000000000000      0.0000000000000      0.0000000000000
min               8.2999997138977      4.8500001430511      5.0000000000000      5.2000000476837      5.5000000000000
max              53.1499996185303     31.3500003814698     31.0499992370606     28.5500001907348     32.3500003814697
range            44.8499999046326     26.5000002384186     26.0499992370606     23.3500001430511     26.8500003814697
sum          341351.6999697686406 195148.5000888109207 195470.1500754356384 194634.4000265598297 201518.1500513553619
median           22.0499999523163     12.5000000000000     12.5999999046326     12.5499997138977     13.0000000000000
mean             22.9156619206343     13.1007317460265     13.1223247902414     13.0662191210097     13.5283398262188
SE.mean           0.0631742710779      0.0347020407834      0.0328316879956      0.0313764207206      0.0313721942445
CI.mean.0.95      0.1238293583971      0.0680202774318      0.0643541554216      0.0615016521811      0.0614933677669
var              59.4497650865811     17.9382344279552     16.0566923970097     14.6648107617073     14.6608602602261
std.dev           7.7103673768882      4.2353552894598      4.0070802833247      3.8294661196709      3.8289502817647
coef.var          0.3364671465128      0.3232915055103      0.3053635958092      0.2930814250247      0.2830317933280
                       HStat_2018           HStat_2019     Hprevention_2014     Hprevention_2015     Hprevention_2016
nbr.val       14896.0000000000000  14896.0000000000000  14896.0000000000000  14896.0000000000000  14896.0000000000000
nbr.null          0.0000000000000      0.0000000000000      0.0000000000000      0.0000000000000      0.0000000000000
nbr.na            0.0000000000000      0.0000000000000      0.0000000000000      0.0000000000000      0.0000000000000
min               5.9500000476837      6.2500000000000     26.4333324432373     24.6666660308838     23.3333326975505
max              35.3999996185303     32.4499988555908     72.3400009155273     72.4399993896484     70.1599998474121
range            29.4499995708466     26.1999988555908     45.9066684722900     47.7733333587646     46.8266671498617
sum          207455.2000334262848 213074.8999907970428 696511.7433754046215 686125.1216642855434 670142.1183205802226
median           13.2500000000000     13.6000003814697     46.1800003051758     45.5200004577637     44.5399999618530
mean             13.9269065543385     14.3041689037861     46.7583071546324     46.0610312610288     44.9880584264622
SE.mean           0.0330730083991      0.0328386281347      0.0674786992307      0.0677847163857      0.0687308586989
CI.mean.0.95      0.0648271731584      0.0643677589496      0.1322665681556      0.1328663995002      0.1347209550590
var              16.2936005845187     16.0634814147321     67.8270717635698     68.4436607836438     70.3676752448803
std.dev           4.0365332383766      4.0079273215382      8.2357192620663      8.2730684019681      8.3885442863992
coef.var          0.2898370304006      0.2801929527326      0.1761338201323      0.1796110112056      0.1864615762450
                 Hprevention_2017     Hprevention_2018     Hprevention_2019           CDIS_2014            CDIS_2015           CDIS_2016
nbr.val       14896.0000000000000  14896.0000000000000  14896.0000000000000 14896.0000000000000 14896.00000000000000 14896.0000000000000
nbr.null          0.0000000000000      0.0000000000000      0.0000000000000     8.0000000000000     7.00000000000000     9.0000000000000
nbr.na            0.0000000000000      0.0000000000000      0.0000000000000     0.0000000000000     0.00000000000000     0.0000000000000
min              21.7666657765706     21.3333342870076     20.9333333969116     0.0000000000000     0.00000000000000     0.0000000000000
max              67.1199996948242     67.6000011444092     67.5600008010864     5.8247812968703     6.08729584637810     5.8642711336684
range            45.3533339182536     46.2666668574015     46.6266674041748     5.8247812968703     6.08729584637810     5.8642711336684
sum          652609.2917215902125 652232.3182909248862 653152.5517135937698 17871.9432667043984 17285.46156838844399 16575.1268725888222
median           43.4400001525879     43.4999996185303     43.5599990844727     1.0148650131481     0.97383504894583     0.9250859970478
mean             43.8110426773355     43.7857356532576     43.8475128701392     1.1997813686026     1.16040961119686     1.1127233399966
SE.mean           0.0632521278297      0.0595188061837      0.0607219246393     0.0066878227857     0.00653467368322     0.0063723375142
CI.mean.0.95      0.1239819672275      0.1166641966189      0.1190224570926     0.0131089570247     0.01280876590613     0.0124905670047
var              59.5963886305399     52.7689055608946     54.9238181568711     0.6662529989377     0.63608839833636     0.6048771856430
std.dev           7.7198697288581      7.2642209190590      7.4110605284852     0.8162432229046     0.79755150199618     0.7777385072394
coef.var          0.1762083086156      0.1659038225733      0.1690189487015     0.6803266363898     0.68730170303706     0.6989504751844
                        CDIS_2017            CDIS_2018           CDIS_2019 miles_to_nearest_trauma      A_livingaloneR
nbr.val      14896.00000000000000 14896.00000000000000 14896.0000000000000     14896.0000000000000 14896.0000000000000
nbr.null        11.00000000000000    13.00000000000000    13.0000000000000         0.0000000000000    52.0000000000000
nbr.na           0.00000000000000     0.00000000000000     0.0000000000000         0.0000000000000     0.0000000000000
min              0.00000000000000     0.00000000000000     0.0000000000000         0.0151814268902     0.0000000000000
max              5.78030891418457     5.78883275985718     6.1336820250230       141.2509155273440    60.5233333333333
range            5.78030891418457     5.78883275985718     6.1336820250230       141.2357341004538    60.5233333333333
sum          15694.48564985501253 14992.50115591134272 14267.3109352519623     69487.6225510118529 75084.4799999999959
median           0.86430145990457     0.81992877206540     0.7685574822963         3.1343352794647     4.1333333333333
mean             1.05360403127383     1.00647832679319     0.9577947727747         4.6648511379573     5.0405800214823
SE.mean          0.00613942300067     0.00598087285318     0.0058012682102         0.0702280705291     0.0315090207482
CI.mean.0.95     0.01203402584834     0.01172324801581     0.0113712007769         0.1376556747978     0.0617615645800
var              0.56146770018020     0.53284243392025     0.5013206025641        73.4668022370757    14.7890227152850
std.dev          0.74931148408402     0.72996057011338     0.7080399724338         8.5712777482168     3.8456498430415
coef.var         0.71118889245145     0.72526208531400     0.7392397542353         1.8374172068372     0.7629379608402
                   A_f_m_sexratio      A_yngmale1524R          total_2014          total_2015          total_2016          total_2017
nbr.val      14896.00000000000000 14896.0000000000000 14896.0000000000000 14896.0000000000000 14896.0000000000000 14896.0000000000000
nbr.null         4.00000000000000    24.0000000000000 10224.0000000000000  9706.0000000000000  9453.0000000000000  9370.0000000000000
nbr.na           0.00000000000000     0.0000000000000     0.0000000000000     0.0000000000000     0.0000000000000     0.0000000000000
min              0.00000000000000     0.0000000000000     0.0000000000000     0.0000000000000     0.0000000000000     0.0000000000000
max              4.37500000000000    88.1720000000000    44.0000000000000    29.0000000000000   112.0000000000000    48.0000000000000
range            4.37500000000000    88.1720000000000    44.0000000000000    29.0000000000000   112.0000000000000    48.0000000000000
sum          15844.24042787744474 46662.9199999999983 13205.0000000000000 15400.0000000000000 18327.0000000000000 17967.0000000000000
median           1.05292272567749     2.5146666666667     0.0000000000000     0.0000000000000     0.0000000000000     0.0000000000000
mean             1.06365738640423     3.1325805585392     0.8864795918367     1.0338345864662     1.2303302900107     1.2061627282492
SE.mean          0.00149157689549     0.0242234965003     0.0165637016455     0.0187189291859     0.0241921135642     0.0218761104746
CI.mean.0.95     0.00292367457221     0.0474810390146     0.0324668969257     0.0366914085659     0.0474195245914     0.0428798730571
var              0.03314064515733     8.7406418511057     4.0868101369450     5.2195332237946     8.7180085112436     7.1286924646893
std.dev          0.18204572271088     2.9564576525135     2.0215860449026     2.2846297782780     2.9526273911965     2.6699611354267
coef.var         0.17115071548207     0.9437770544973     2.2804654089261     2.2098600764435     2.3998656419088     2.2135994363732
                     total_2018          total_2019            Fatal2014            Fatal2015            Fatal2016            Fatal2017
nbr.val      14896.000000000000 14896.0000000000000 14896.00000000000000 14896.00000000000000 14896.00000000000000 14896.00000000000000
nbr.null      9386.000000000000  9155.0000000000000 12169.00000000000000 11921.00000000000000 11651.00000000000000 11722.00000000000000
nbr.na           0.000000000000     0.0000000000000     0.00000000000000     0.00000000000000     0.00000000000000     0.00000000000000
min              0.000000000000     0.0000000000000     0.00000000000000     0.00000000000000     0.00000000000000     0.00000000000000
max             48.000000000000    47.0000000000000    11.00000000000000    11.00000000000000    56.00000000000000     9.00000000000000
range           48.000000000000    47.0000000000000    11.00000000000000    11.00000000000000    56.00000000000000     9.00000000000000
sum          17454.000000000000 18278.0000000000000  4225.00000000000000  4788.00000000000000  5529.00000000000000  5446.00000000000000
median           0.000000000000     0.0000000000000     0.00000000000000     0.00000000000000     0.00000000000000     0.00000000000000
mean             1.171723952739     1.2270408163265     0.28363319011815     0.32142857142857     0.37117346938776     0.36560150375940
SE.mean          0.020629238226     0.0212174505690     0.00594381857403     0.00657608478568     0.00806473025172     0.00725018064097
CI.mean.0.95     0.040435849756     0.0415888184533     0.01165061706123     0.01288993677144     0.01580786538059     0.01421124773925
var              6.339223237925     6.7058843879949     0.52626047477347     0.64417589795233     0.96883396359551     0.78301001749086
std.dev          2.517781411863     2.5895722403507     0.72543812608207     0.80260569269868     0.98429363687647     0.88487853261951
coef.var         2.148783769401     2.1104206199947     2.55766303576770     2.49699548839590     2.65184265055379     2.42033614063537
                        Fatal2018            Fatal2019        nonfatal2014        nonfatal2015        nonfatal2016        nonfatal2017
nbr.val      14896.00000000000000 14896.00000000000000 14896.0000000000000 14896.0000000000000 14896.0000000000000 14896.0000000000000
nbr.null     11744.00000000000000 11584.00000000000000 11256.0000000000000 10734.0000000000000 10440.0000000000000 10365.0000000000000
nbr.na           0.00000000000000     0.00000000000000     0.0000000000000     0.0000000000000     0.0000000000000     0.0000000000000
min              0.00000000000000     0.00000000000000     0.0000000000000     0.0000000000000     0.0000000000000     0.0000000000000
max             11.00000000000000    23.00000000000000    39.0000000000000    26.0000000000000    56.0000000000000    42.0000000000000
range           11.00000000000000    23.00000000000000    39.0000000000000    26.0000000000000    56.0000000000000    42.0000000000000
sum           5168.00000000000000  5460.00000000000000  8980.0000000000000 10612.0000000000000 12798.0000000000000 12521.0000000000000
median           0.00000000000000     0.00000000000000     0.0000000000000     0.0000000000000     0.0000000000000     0.0000000000000
mean             0.34693877551020     0.36654135338346     0.6028464017186     0.7124060150376     0.8591568206230     0.8405612244898
SE.mean          0.00686578847977     0.00723142939929     0.0130976452438     0.0145939599968     0.0186993637692     0.0170820145207
CI.mean.0.95     0.01345779172176     0.01417449299421     0.0256729991400     0.0286059604969     0.0366530579374     0.0334828540502
var              0.70218331038357     0.77896503595343     2.5553836396487     3.1726047242982     5.2086277952109     4.3465815983997
std.dev          0.83796378822928     0.88258995912792     1.5985567364497     1.7811807107360     2.2822418353915     2.0848457013409
coef.var         2.41530738960205     2.40788645259515     2.6516816421108     2.5002325543841     2.6563739943734     2.4803020179837
                    nonfatal2018        nonfatal2019         PctAge18_34R         PctAge35_64R         PctAge65_69R         PctAge70_74R
nbr.val      14896.0000000000000 14896.0000000000000 14896.00000000000000 14896.00000000000000 14896.00000000000000 14896.00000000000000
nbr.null     10359.0000000000000 10117.0000000000000     6.00000000000000     7.00000000000000   150.00000000000000   293.00000000000000
nbr.na           0.0000000000000     0.0000000000000     0.00000000000000     0.00000000000000     0.00000000000000     0.00000000000000
min              0.0000000000000     0.0000000000000     0.00000000000000     0.00000000000000     0.00000000000000     0.00000000000000
max             45.0000000000000    29.0000000000000    10.00000000000000    10.00000000000000     5.50000000000000     3.00000000000000
range           45.0000000000000    29.0000000000000    10.00000000000000    10.00000000000000     5.50000000000000     3.00000000000000
sum          12286.0000000000000 12818.0000000000000 41946.97490078509873 56155.12910180242034  5499.63413709029646  3969.79520928002967
median           0.0000000000000     0.0000000000000     2.60349864959717     3.81721210479737     0.34198118448257     0.24061577320099
mean             0.8247851772288     0.8604994629431     2.81598918506882     3.76981264109844     0.36920207687233     0.26650075250269
SE.mean          0.0163315567933     0.0164571137016     0.00933132358224     0.00592090264984     0.00166810483380     0.00137526043676
CI.mean.0.95     0.0320118644004     0.0322579714173     0.01829054443318     0.01160569902513     0.00326969109075     0.00269567997552
var              3.9730573556608     4.0343818653236     1.29704834256771     0.52221038566221     0.04144921837948     0.02817341954166
std.dev          1.9932529582722     2.0085770747780     1.13888030212473     0.72264125654588     0.20359081113714     0.16784939541643
coef.var         2.4166934776512     2.3341991032839     0.40443347870915     0.19169155747096     0.55143463130500     0.62982709744781
                     PctAge75_79R         PctAge80_84R
nbr.val      14896.00000000000000 14896.00000000000000
nbr.null       552.00000000000000   980.00000000000000
nbr.na           0.00000000000000     0.00000000000000
min              0.00000000000000     0.00000000000000
max              2.31167793273926     3.03030300140381
range            2.31167793273926     3.03030300140381
sum           2994.03996540494290  2375.59172550104586
median           0.17423039674759     0.12871960401535
mean             0.20099623827906     0.15947849929518
SE.mean          0.00122852595533     0.00115170033026
CI.mean.0.95     0.00240806230491     0.00225747460997
var              0.02248217563742     0.01975825774107
std.dev          0.14994057368645     0.14056406987944
coef.var         0.74598696458327     0.88139824804388
